0 0.00000000000000000000 -nan inf 
10 0.41724099961758154276 0.45931454885797634580 0.45969794982382056192 
20 0.43856514516804989690 0.45960191978824727066 0.45969771009833754194 
30 0.44563061232883260931 0.45965512874229746965 0.45969769728521087115 
40 0.44915536398412009289 0.45967375129421866875 0.45969769512954244961 
50 0.45126766092515435691 0.45968237077323331752 0.45969769454050002366 
60 0.45267479472553590059 0.45968705293226841402 0.45969769432892515493 
70 0.45367936908293055032 0.45968987611727274434 0.45969769423822998133 
80 0.45443251481416419013 0.45969170846921347806 0.45969769419421191436 
90 0.45501812591749507542 0.45969296472198339920 0.45969769417078593099 
100 0.45548650838731857826 0.45969386331135803081 0.45969769415739936136 
110 0.45586966005265527890 0.45969452816541833684 0.45969769414930378160 
120 0.45618890473783313411 0.45969503384119941858 0.45969769414417671616 
130 0.45645900051106258477 0.45969542737570845414 0.45969769414080208225 
140 0.45669048611602786059 0.45969573963319881882 0.45969769413850808393 
150 0.45689108826385421702 0.45969599154654694484 0.45969769413690497739 
160 0.45706660089159600879 0.45969619771912084705 0.45969769413575717332 
170 0.45722145392867824532 0.45969636858987811268 0.45969769413491806676 
180 0.45735909237897082180 0.45969651178121501145 0.45969769413429301119 
190 0.45748223563558304550 0.45969663296402529795 0.45969769413382005618 
200 0.45759305896591218055 0.45969673642793218438 0.45969769413345651365 
210 0.45769332312141780550 0.45969682546619888841 0.45969769413317351781 
220 0.45778446858468480052 0.45969690264106621846 0.45969769413295047400 
230 0.45786768522058962638 0.45969696997017195361 0.45969769413277278280 
240 0.45794396450808877441 0.45969702905977194440 0.45969769413263006363 
250 0.45801413923182243693 0.45969708120143842889 0.45969769413251415635 
260 0.45807891401091799244 0.45969712744324026099 0.45969769413241928779 
270 0.45813888904133814872 0.45969716864283421964 0.45969769413234101707 
280 0.45819457874892055571 0.45969720550750564625 0.45969769413227545840 
290 0.45824642658196884648 0.45969723862474132225 0.45969769413222139054 
300 0.45829481684442185951 0.45969726848576814016 0.45969769413217564935 
310 0.45834008423807132138 0.45969729550389071271 0.45969769413213690257 
320 0.45838252161509612792 0.45969732002885899114 0.45969769413210387343 
330 0.45842238632065546167 0.45969734235824316615 0.45969769413207572928 
340 0.45845990541590742051 0.45969736274650779828 0.45969769413205130437 
350 0.45849528000543005035 0.45969738141229837813 0.45969769413203059871 
360 0.45852868884319053500 0.45969739854431229675 0.45969769413201233554 
370 0.45856029135365988791 0.45969741430610328026 0.45969769413199651487 
380 0.45859023017577327241 0.45969742883999431537 0.45969769413198269259 
390 0.45861863331540370092 0.45969744227028513928 0.45969769413197070218 
400 0.45864561597494157841 0.45969745470595141379 0.45969769413195993302 
410 0.45867128211502183888 0.45969746624283597258 0.45969769413195071817 
420 0.45869572579311518323 0.45969747696550594673 0.45969769413194278007 
430 0.45871903231532096257 0.45969748694881845674 0.45969769413193489749 
440 0.45874127923102270277 0.45969749625921368930 0.45969769413192851371 
450 0.45876253719494219929 0.45969750495583983074 0.45969769413192268503 
460 0.45878287071668849562 0.45969751309147971474 0.45969769413191730045 
470 0.45880233881463838852 0.45969752071337033339 0.45969769413191291507 
480 0.45882099558803235428 0.45969752786387380050 0.45969769413190847418 
490 0.45883889071902722590 0.45969753458107603938 0.45969769413190464391 
500 0.45885606991447780434 0.45969754089928532848 0.45969769413190109120 
510 0.45887257529575870008 0.45969754684949204471 0.45969769413189803808 
520 0.45888844574356935091 0.45969755245973048519 0.45969769413189504048 
530 0.45890371720370953801 0.45969755775541482068 0.45969769413189265350 
540 0.45891842295887824710 0.45969756275962653236 0.45969769413189037754 
550 0.45893259387081902778 0.45969756749337237212 0.45969769413188815710 
560 0.45894625859649723632 0.45969757197579036445 0.45969769413188621421 
570 0.45895944378155817400 0.45969757622437240618 0.45969769413188421581 
580 0.45897217423370895162 0.45969758025509555033 0.45969769413188310558 
590 0.45898447307853529331 0.45969758408260980032 0.45969769413188127372 
600 0.45899636189967985000 0.45969758772035357319 0.45969769413188010798 
610 0.45900786086523798213 0.45969759118065417480 0.45969769413187894225 
620 0.45901898884196856709 0.45969759447487845705 0.45969769413187738794 
630 0.45902976349855800775 0.45969759761348510940 0.45969769413187666629 
640 0.45904020139924234245 0.45969760060612385733 0.45969769413187555607 
650 0.45905031808876950450 0.45969760346169813436 0.45969769413187472340 
660 0.45906012816967040058 0.45969760618846444711 0.45969769413187350215 
670 0.45906964537255084968 0.45969760879404919507 0.45969769413187289153 
680 0.45907888262023044401 0.45969761128552977247 0.45969769413187211438 
690 0.45908785208627866936 0.45969761366947298198 0.45969769413187144824 
700 0.45909656524854564053 0.45969761595197944359 0.45969769413187078211 
710 0.45910503293814958203 0.45969761813871878875 0.45969769413187056006 
720 0.45911326538441821210 0.45969762023497967585 0.45969769413187000495 
730 0.45912127225609350445 0.45969762224568827547 0.45969769413186895024 
740 0.45912906269920311653 0.45969762417542470168 0.45969769413186883922 
750 0.45913664537195664206 0.45969762602849534305 0.45969769413186822860 
760 0.45914402847678620345 0.45969762780889705800 0.45969769413186828411 
770 0.45915121978998924002 0.45969762952038328852 0.45969769413186745144 
780 0.45915822668903000237 0.45969763116647094359 0.45969769413186722939 
790 0.45916505617778213821 0.45969763275044506212 0.45969769413186672979 
800 0.45917171490987912508 0.45969763427538412603 0.45969769413186678531 
810 0.45917820921036828219 0.45969763574420074992 0.45969769413186606366 
820 0.45918454509570105770 0.45969763715960826334 0.45969769413186606366 
830 0.45919072829235307864 0.45969763852416467564 0.45969769413186573059 
840 0.45919676425407962572 0.45969763984027511849 0.45969769413186528650 
850 0.45920265817797273344 0.45969764111021255149 0.45969769413186473139 
860 0.45920841501935805162 0.45969764233610682647 0.45969769413186500895 
870 0.45921403950570832686 0.45969764351996594831 0.45969769413186528650 
880 0.45921953614960558943 0.45969764466370077738 0.45969769413186434281 
890 0.45922490926078379792 0.45969764576910260301 0.45969769413186462037 
900 0.45923016295740626269 0.45969764683785541148 0.45969769413186423179 
910 0.45923530117662503258 0.45969764787157402219 0.45969769413186384321 
920 0.45924032768437444973 0.45969764887177033685 0.45969769413186400975 
930 0.45924524608460026709 0.45969764983987365659 0.45969769413186373219 
940 0.45925005982787453496 0.45969765077724011881 0.45969769413186362117 
950 0.45925477221947980100 0.45969765168516807385 0.45969769413186373219 
960 0.45925938642694924541 0.45969765256486988525 0.45969769413186323259 
970 0.45926390548718493134 0.45969765341749863063 0.45969769413186334361 
980 0.45926833231314528883 0.45969765424416947353 0.45969769413186289952 
990 0.45927266970004748670 0.45969765504591031391 0.45969769413186273299 
1000 0.45927692033131456428 0.45969765582371824308 0.45969769413186289952 
1010 0.45928108678408136045 0.45969765657854066987 0.45969769413186278850 
1020 0.45928517153440229226 0.45969765731126871477 0.45969769413186245544 
1030 0.45928917696217791411 0.45969765802276424393 0.45969769413186267748 
1040 0.45929310535574779939 0.45969765871382806122 0.45969769413186251095 
1050 0.45929695891628563587 0.45969765938524154159 0.45969769413186239992 
1060 0.45930073976190233243 0.45969766003775569541 0.45969769413186228890 
1070 0.45930444993148439314 0.45969766067204870241 0.45969769413186223339 
1080 0.45930809138842626504 0.45969766128880090728 0.45969769413186217788 
1090 0.45931166602406725552 0.45969766188865762713 0.45969769413186223339 
1100 0.45931517566095952931 0.45969766247223586841 0.45969769413186195584 
1110 0.45931862205596279969 0.45969766304011033808 0.45969769413186217788 
1120 0.45932200690319652248 0.45969766359284269797 0.45969769413186195584 
1130 0.45932533183679941091 0.45969766413096257995 0.45969769413186212237 
1140 0.45932859843358331275 0.45969766465499006802 0.45969769413186206686 
1150 0.45933180821548746930 0.45969766516540422341 0.45969769413186167828 
1160 0.45933496265197121255 0.45969766566266495600 0.45969769413186151175 
1170 0.45933806316228237288 0.45969766614724200116 0.45969769413186178930 
1180 0.45934111111751307899 0.45969766661955041576 0.45969769413186145623 
1190 0.45934410784268348005 0.45969766707999715205 0.45969769413186151175 
1200 0.45934705461865149578 0.45969766752898827411 0.45969769413186151175 
1210 0.45934995268389960943 0.45969766796687827615 0.45969769413186134521 
1220 0.45935280323634875010 0.45969766839405679093 0.45969769413186134521 
1230 0.45935560743492365177 0.45969766881086199239 0.45969769413186134521 
1240 0.45935836640116356477 0.45969766921761801015 0.45969769413186134521 
1250 0.45936108122073193716 0.45969766961465530208 0.45969769413186162277 
1260 0.45936375294480269460 0.45969767000226646747 0.45969769413186145623 
1270 0.45936638259147483110 0.45969767038076897459 0.45969769413186151175 
1280 0.45936897114698316269 0.45969767075042428095 0.45969769413186106766 
1290 0.45937151956702099165 0.45969767111152021188 0.45969769413186128970 
1300 0.45937402877785071809 0.45969767146431528282 0.45969769413186156726 
1310 0.45937649967746574386 0.45969767180907072923 0.45969769413186106766 
1320 0.45937893313660965733 0.45969767214600693039 0.45969769413186123419 
1330 0.45938132999989539362 0.45969767247538756427 0.45969769413186073459 
1340 0.45938369108666077256 0.45969767279741025057 0.45969769413186151175 
1350 0.45938601719200383711 0.45969767311230336215 0.45969769413186112317 
1360 0.45938830908762778860 0.45969767342027684220 0.45969769413186095663 
1370 0.45939056752269713524 0.45969767372153197416 0.45969769413186128970 
1380 0.45939279322466397559 0.45969767401625927228 0.45969769413186101215 
1390 0.45939498690004604287 0.45969767430465263702 0.45969769413186090112 
1400 0.45939714923516994372 0.45969767458688726158 0.45969769413186112317 
1410 0.45939928089689080482 0.45969767486313450888 0.45969769413186056806 
1420 0.45940138253329115825 0.45969767513357517874 0.45969769413186112317 
1430 0.45940345477429311849 0.45969767539835137971 0.45969769413186062357 
1440 0.45940549823235854454 0.45969767565763969275 0.45969769413186084561 
1450 0.45940751350303038469 0.45969767591158527953 0.45969769413186045703 
1460 0.45940950116552747851 0.45969767616032447544 0.45969769413186084561 
1470 0.45941146178331626615 0.45969767640399877839 0.45969769413186079010 
1480 0.45941339590464491671 0.45969767664275690278 0.45969769413186101215 
1490 0.45941530406301889222 0.45969767687671259093 0.45969769413186090112 
1500 0.45941718677775272850 0.45969767710602216226 0.45969769413186095663 
1510 0.45941904455436194388 0.45969767733078803484 0.45969769413186079010 
1520 0.45942087788505708845 0.45969767755111307084 0.45969769413186101215 
1530 0.45942268724924112400 0.45969767776715181329 0.45969769413186084561 
1540 0.45942447311379336350 0.45969767797899091510 0.45969769413186084561 
1550 0.45942623593358039580 0.45969767818674373006 0.45969769413186040152 
1560 0.45942797615179231663 0.45969767839051245417 0.45969769413186090112 
1570 0.45942969420033513694 0.45969767859040117086 0.45969769413186090112 
1580 0.45943139050017584024 0.45969767878650824589 0.45969769413186079010 
1590 0.45943306546168710680 0.45969767897892294117 0.45969769413186079010 
1600 0.45943471948498465496 0.45969767916773635053 0.45969769413186034601 
1610 0.45943635296026275050 0.45969767935306049544 0.45969769413186029050 
1620 0.45943796626803490302 0.45969767953494927726 0.45969769413186084561 
1630 0.45943955977950845515 0.45969767971349811964 0.45969769413186040152 
1640 0.45944113385684393069 0.45969767988879817189 0.45969769413186034601 
1650 0.45944268885340222575 0.45969768006091926704 0.45969769413186084561 
1660 0.45944422511402860376 0.45969768022993473533 0.45969769413186040152 
1670 0.45944574297533014029 0.45969768039593222886 0.45969769413186045703 
1680 0.45944724276586546008 0.45969768055896403913 0.45969769413186106766 
1690 0.45944872480644449730 0.45969768071910932505 0.45969769413186106766 
1700 0.45945018941033410886 0.45969768087645429544 0.45969769413186045703 
1710 0.45945163688342793851 0.45969768103103170187 0.45969769413186034601 
1720 0.45945306752454478927 0.45969768118291942649 0.45969769413186062357 
1730 0.45945448162560542649 0.45969768133219734985 0.45969769413186029050 
1740 0.45945587947175309251 0.45969768147888245835 0.45969769413186023499 
1750 0.45945726134170189470 0.45969768162307578230 0.45969769413186051255 
1760 0.45945862750777632932 0.45969768176482339594 0.45969769413186045703 
1770 0.45945997823614065370 0.45969768190416532283 0.45969769413186045703 
1780 0.45946131378700988401 0.45969768204116973065 0.45969769413186006846 
1790 0.45946263441477475098 0.45969768217589457304 0.45969769413186073459 
1800 0.45946394036812732153 0.45969768230835178491 0.45969769413186067908 
1810 0.45946523189036059254 0.45969768243865000157 0.45969769413186067908 
1820 0.45946650921931320166 0.45969768256678805729 0.45969769413186034601 
1830 0.45946777258769572194 0.45969768269283534101 0.45969769413186062357 
1840 0.45946902222313956710 0.45969768281683742739 0.45969769413186056806 
1850 0.45947025834833959967 0.45969768293882840027 0.45969769413186056806 
1860 0.45947148118122238536 0.45969768305885888582 0.45969769413186023499 
1870 0.45947269093504494730 0.45969768317697212723 0.45969769413186051255 
1880 0.45947388781852660511 0.45969768329320920275 0.45969769413186040152 
1890 0.45947507203595133740 0.45969768340759259440 0.45969769413186045703 
1900 0.45947624378735058004 0.45969768352019446667 0.45969769413186012397 
1910 0.45947740326850222692 0.45969768363101676245 0.45969769413186012397 
1920 0.45947855067115250804 0.45969768374011338308 0.45969769413186090112 
1930 0.45947968618306955779 0.45969768384752790480 0.45969769413186040152 
1940 0.45948080998811213771 0.45969768395326920940 0.45969769413186090112 
1950 0.45948192226642964320 0.45969768405740563111 0.45969769413186067908 
1960 0.45948302319441958197 0.45969768415993117472 0.45969769413186079010 
1970 0.45948411294497853996 0.45969768426091900393 0.45969769413186040152 
1980 0.45948519168743429120 0.45969768436036523296 0.45969769413186051255 
1990 0.45948625958778444023 0.45969768445833880666 0.45969769413186029050 
2000 0.45948731680861426563 0.45969768455481596625 0.45969769413186006846 
2010 0.45948836350937527495 0.45969768464987387224 0.45969769413186056806 
2020 0.45948939984630099431 0.45969768474353028820 0.45969769413186079010 
2030 0.45949042597254591280 0.45969768483579975804 0.45969769413186006846 
2040 0.45949144203827824162 0.45969768492671175819 0.45969769413186051255 
2050 0.45949244819073714607 0.45969768501630076107 0.45969769413185995743 
2060 0.45949344457430035815 0.45969768510459402266 0.45969769413186073459 
2070 0.45949443133053569088 0.45969768519159975861 0.45969769413186062357 
2080 0.45949540859831150552 0.45969768527735083152 0.45969769413186062357 
2090 0.45949637651383729020 0.45969768536187755048 0.45969769413186034601 
2100 0.45949733521073093945 0.45969768544520911435 0.45969769413185979090 
2110 0.45949828482004323460 0.45969768552734346923 0.45969769413186056806 
2120 0.45949922547041788246 0.45969768560834495252 0.45969769413185990192 
2130 0.45950015728798493386 0.45969768568817515053 0.45969769413186029050 
2140 0.45950108039662840298 0.45969768576691066864 0.45969769413186062357 
2150 0.45950199491783222383 0.45969768584453174487 0.45969769413186062357 
2160 0.45950290097091051056 0.45969768592109783167 0.45969769413186056806 
2170 0.45950379867291352154 0.45969768599660265629 0.45969769413186051255 
2180 0.45950468813875705587 0.45969768607105271352 0.45969769413186040152 
2190 0.45950556948131549007 0.45969768614451417266 0.45969769413186029050 
2200 0.45950644281131663993 0.45969768621695467070 0.45969769413186040152 
2210 0.45950730823755880916 0.45969768628841983782 0.45969769413186023499 
2220 0.45950816586684695153 0.45969768635892027664 0.45969769413186067908 
2230 0.45950901580408770597 0.45969768642848413132 0.45969769413186051255 
2240 0.45950985815229172804 0.45969768649711567621 0.45969769413186029050 
2250 0.45951069301265140554 0.45969768656483089853 0.45969769413186040152 
2260 0.45951152048454924071 0.45969768663163124156 0.45969769413186012397 
2270 0.45951234066568230618 0.45969768669757882229 0.45969769413186040152 
2280 0.45951315365193023954 0.45969768676263284002 0.45969769413186040152 
2290 0.45951395953760487689 0.45969768682686484862 0.45969769413186001294 
2300 0.45951475841529498823 0.45969768689025319874 0.45969769413186029050 
2310 0.45951555037601599096 0.45969768695281443271 0.45969769413186073459 
2320 0.45951633550920828464 0.45969768701455421267 0.45969769413186029050 
2330 0.45951711390281940739 0.45969768707552527420 0.45969769413186062357 
2340 0.45951788564322482156 0.45969768713570441365 0.45969769413186012397 
2350 0.45951865081537279778 0.45969768719511955313 0.45969769413186079010 
2360 0.45951940950277248010 0.45969768725379017704 0.45969769413186029050 
2370 0.45952016178748666952 0.45969768731170812526 0.45969769413186040152 
2380 0.45952090775023562985 0.45969768736889365934 0.45969769413186040152 
2390 0.45952164747038354298 0.45969768742536415429 0.45969769413186034601 
2400 0.45952238102596826286 0.45969768748113604140 0.45969769413186034601 
2410 0.45952310849372679513 0.45969768753621892410 0.45969769413186001294 
2420 0.45952382994911844527 0.45969768759060808394 0.45969769413186073459 
2430 0.45952454546639937005 0.45969768764434332242 0.45969769413186017948 
2440 0.45952525511855185636 0.45969768769740654291 0.45969769413186017948 
2450 0.45952595897742370967 0.45969768774983366111 0.45969769413186079010 
2460 0.45952665711363743783 0.45969768780160713550 0.45969769413186017948 
2470 0.45952734959672481008 0.45969768785275966216 0.45969769413186040152 
2480 0.45952803649507001360 0.45969768790329684771 0.45969769413186062357 
2490 0.45952871787596316633 0.45969768795323329158 0.45969769413186090112 
2500 0.45952939380559287841 0.45969768800255478292 0.45969769413186001294 
2510 0.45953006434914200895 0.45969768805129446188 0.45969769413186023499 
2520 0.45953072957072943483 0.45969768809946059962 0.45969769413186056806 
2530 0.45953138953345445961 0.45969768814705280757 0.45969769413186017948 
2540 0.45953204429943483866 0.45969768819408252103 0.45969769413186051255 
2550 0.45953269392980927721 0.45969768824055545764 0.45969769413186056806 
2560 0.45953333848477190271 0.45969768828649171244 0.45969769413186062357 
2570 0.45953397802357254243 0.45969768833190127744 0.45969769413186034601 
2580 0.45953461260453176696 0.45969768837678137707 0.45969769413185956886 
2590 0.45953524228507147686 0.45969768842113473140 0.45969769413185979090 
2600 0.45953586712174671058 0.45969768846497949255 0.45969769413186034601 
2610 0.45953648717024309089 0.45969768850832948281 0.45969769413186017948 
2620 0.45953710248536655536 0.45969768855117115747 0.45969769413186079010 
2630 0.45953771312112390302 0.45969768859352044821 0.45969769413186040152 
2640 0.45953831913069137505 0.45969768863539062220 0.45969769413186073459 
2650 0.45953892056646555853 0.45969768867680610436 0.45969769413186079010 
2660 0.45953951747999516320 0.45969768871774208119 0.45969769413186029050 
2670 0.45954010992210497788 0.45969768875821165333 0.45969769413185984641 
2680 0.45954069794286689365 0.45969768879824279839 0.45969769413186045703 
2690 0.45954128159159102207 0.45969768883783695967 0.45969769413186040152 
2700 0.45954186091681492599 0.45969768887696432769 0.45969769413186017948 
2710 0.45954243596645005798 0.45969768891567686087 0.45969769413186023499 
2720 0.45954300678763809751 0.45969768895396234676 0.45969769413186051255 
2730 0.45954357342684404308 0.45969768899182777977 0.45969769413186062357 
2740 0.45954413592986553816 0.45969768902928337395 0.45969769413186029050 
2750 0.45954469434180061915 0.45969768906631025551 0.45969769413186001294 
2760 0.45954524870715213192 0.45969768910295022435 0.45969769413186062357 
2770 0.45954579906975007164 0.45969768913921021936 0.45969769413186012397 
2780 0.45954634547274370027 0.45969768917504699735 0.45969769413186040152 
2790 0.45954688795877113305 0.45969768921052817090 0.45969769413186067908 
2800 0.45954742656974684190 0.45969768924560600043 0.45969769413186067908 
2810 0.45954796134709013922 0.45969768928032983535 0.45969769413186079010 
2820 0.45954849233154304589 0.45969768931466464812 0.45969769413186045703 
2830 0.45954901956335231228 0.45969768934865434806 0.45969769413186051255 
2840 0.45954954308215906211 0.45969768938230110011 0.45969769413186073459 
2850 0.45955006292698824533 0.45969768941555089192 0.45969769413185979090 
2860 0.45955057913646146783 0.45969768944849126457 0.45969769413186067908 
2870 0.45955109174851183074 0.45969768948105804718 0.45969769413186012397 
2880 0.45955160080067775086 0.45969768951331696494 0.45969769413186073459 
2890 0.45955210632985288299 0.45969768954521667004 0.45969769413186012397 
2900 0.45955260837252220885 0.45969768957680001709 0.45969769413186040152 
2910 0.45955310696460377473 0.45969768960804141544 0.45969769413186073459 
2920 0.45955360214158536003 0.45969768963898433034 0.45969769413186045703 
2930 0.45955409393838586585 0.45969768966958207690 0.45969769413186023499 
2940 0.45955458238955004813 0.45969768969989127649 0.45969769413186034601 
2950 0.45955506752907043788 0.45969768972988567235 0.45969769413186012397 
2960 0.45955554939052745134 0.45969768975958280599 0.45969769413186062357 
2970 0.45955602800702088917 0.45969768978897496137 0.45969769413186029050 
2980 0.45955650341123549518 0.45969768981808312169 0.45969769413185967988 
2990 0.45955697563536929140 0.45969768984687570113 0.45969769413186051255 
3000 0.45955744471126197537 0.45969768987539599836 0.45969769413186062357 
3010 0.45955791067027151886 0.45969768990362802619 0.45969769413186017948 
3020 0.45955837354338796574 0.45969768993160270432 0.45969769413186040152 
3030 0.45955883336112035575 0.45969768995927484667 0.45969769413186006846 
3040 0.45955929015363727874 0.45969768998666382664 0.45969769413186023499 
3050 0.45955974395073623251 0.45969769001381866058 0.45969769413186012397 
3060 0.45956019478172677184 0.45969769004068250506 0.45969769413186062357 
3070 0.45956064267564150638 0.45969769006730526462 0.45969769413186017948 
3080 0.45956108766103637153 0.45969769009363464773 0.45969769413186034601 
3090 0.45956152976622011153 0.45969769011975031292 0.45969769413186067908 
3100 0.45956196901900786544 0.45969769014558831133 0.45969769413186040152 
3110 0.45956240544691534522 0.45969769017116063337 0.45969769413186051255 
3120 0.45956283907716244386 0.45969769019652295672 0.45969769413186012397 
3130 0.45956326993651813728 0.45969769022163087246 0.45969769413186056806 
3140 0.45956369805147639918 0.45969769024651069289 0.45969769413185951334 
3150 0.45956412344813413196 0.45969769027111972992 0.45969769413186012397 
3160 0.45956454615235803329 0.45969769029552359774 0.45969769413186017948 
3170 0.45956496618960351874 0.45969769031970098006 0.45969769413186006846 
3180 0.45956538358502213582 0.45969769034364021953 0.45969769413186056806 
3190 0.45956579836344191303 0.45969769036733071355 0.45969769413186073459 
3200 0.45956621054946306115 0.45969769039083796525 0.45969769413186073459 
3210 0.45956662016724625364 0.45969769041410007970 0.45969769413186045703 
3220 0.45956702724075260136 0.45969769043715102974 0.45969769413186029050 
3230 0.45956743179361142504 0.45969769045999048229 0.45969769413186012397 
3240 0.45956783384918759028 0.45969769048264474964 0.45969769413186056806 
3250 0.45956823343047242814 0.45969769050505832064 0.45969769413185990192 
3260 0.45956863056027308367 0.45969769052726849878 0.45969769413186034601 
3270 0.45956902526107745732 0.45969769054927472895 0.45969769413186017948 
3280 0.45956941755510299918 0.45969769057107928711 0.45969769413186051255 
3290 0.45956980746432429807 0.45969769059271486933 0.45969769413186073459 
3300 0.45957019501035228926 0.45969769061411158706 0.45969769413186017948 
3310 0.45957058021468211173 0.45969769063534815512 0.45969769413186017948 
3320 0.45957096309841605208 0.45969769065636917338 0.45969769413186023499 
3330 0.45957134368249913381 0.45969769067721399924 0.45969769413186029050 
3340 0.45957172198756784942 0.45969769069786864391 0.45969769413186029050 
3350 0.45957209803404103221 0.45969769071834154506 0.45969769413186040152 
3360 0.45957247184208671609 0.45969769073863431252 0.45969769413186034601 
3370 0.45957284343163384843 0.45969769075875666076 0.45969769413186017948 
3380 0.45957321282233282167 0.45969769077866595719 0.45969769413186090112 
3390 0.45957358003369835897 0.45969769079842021098 0.45969769413186029050 
3400 0.45957394508494081586 0.45969769081800132549 0.45969769413185995743 
3410 0.45957430799506232555 0.45969769083740841253 0.45969769413186051255 
3420 0.45957466878284664036 0.45969769085664879960 0.45969769413186034601 
3430 0.45957502746684636419 0.45969769087571088484 0.45969769413186034601 
3440 0.45957538406542636222 0.45969769089461337552 0.45969769413186034601 
3450 0.45957573859673644945 0.45969769091337492339 0.45969769413186006846 
3460 0.45957609107865921017 0.45969769093195533838 0.45969769413186040152 
3470 0.45957644152892301870 0.45969769095036450146 0.45969769413186045703 
3480 0.45957678996504375268 0.45969769096860946256 0.45969769413186056806 
3490 0.45957713640437175551 0.45969769098672391694 0.45969769413185967988 
3500 0.45957748086398830800 0.45969769100467416933 0.45969769413186062357 
3510 0.45957782336079799901 0.45969769102245100489 0.45969769413186012397 
3520 0.45957816391157235714 0.45969769104009611249 0.45969769413186045703 
3530 0.45957850253283832886 0.45969769105759861194 0.45969769413186023499 
3540 0.45957883924093129169 0.45969769107494368177 0.45969769413186079010 
3550 0.45957917405202713956 0.45969769109214014824 0.45969769413186029050 
3560 0.45957950698210020546 0.45969769110917929611 0.45969769413186056806 
3570 0.45957983804699198416 0.45969769112609726314 0.45969769413186029050 
3580 0.45958016726230344062 0.45969769114286279654 0.45969769413186017948 
3590 0.45958049464349687296 0.45969769115948710958 0.45969769413185979090 
3600 0.45958082020587726069 0.45969769117598952013 0.45969769413185984641 
3610 0.45958114396452792727 0.45969769119234166199 0.45969769413186023499 
3620 0.45958146593440019068 0.45969769120854542255 0.45969769413186079010 
3630 0.45958178613030764570 0.45969769122463327582 0.45969769413186090112 
3640 0.45958210456685422152 0.45969769124059051135 0.45969769413186001294 
3650 0.45958242125849668724 0.45969769125641457563 0.45969769413185967988 
3660 0.45958273621953843469 0.45969769127210785564 0.45969769413185984641 
3670 0.45958304946411304703 0.45969769128765453070 0.45969769413186062357 
3680 0.45958336100624741505 0.45969769130309545702 0.45969769413186040152 
3690 0.45958367085978235611 0.45969769131842769250 0.45969769413186034601 
3700 0.45958397903835551679 0.45969769133359983382 0.45969769413185990192 
3710 0.45958428555557578887 0.45969769134867660698 0.45969769413185979090 
3720 0.45958459042477778356 0.45969769136359717177 0.45969769413186084561 
3730 0.45958489365929677817 0.45969769137844063156 0.45969769413186023499 
3740 0.45958519527216218359 0.45969769139312649520 0.45969769413186056806 
3750 0.45958549527641995303 0.45969769140772714922 0.45969769413186040152 
3760 0.45958579368484409056 0.45969769142218647184 0.45969769413186023499 
3770 0.45958609051017329516 0.45969769143653976817 0.45969769413186017948 
3780 0.45958638576497856665 0.45969769145079802941 0.45969769413186051255 
3790 0.45958667946164333262 0.45969769146491679113 0.45969769413186112317 
3800 0.45958697161253186936 0.45969769147895434003 0.45969769413186045703 
3810 0.45958726222976065134 0.45969769149285832910 0.45969769413185967988 
3820 0.45958755132538653410 0.45969769150664491209 0.45969769413186001294 
3830 0.45958783891136989475 0.45969769152035244719 0.45969769413186029050 
3840 0.45958812499943590968 0.45969769153391559779 0.45969769413186062357 
3850 0.45958840960132640863 0.45969769154740508510 0.45969769413186045703 
3860 0.45958869272854091514 0.45969769156077044947 0.45969769413186040152 
3870 0.45958897439254492445 0.45969769157404510862 0.45969769413185995743 
3880 0.45958925460463351254 0.45969769158721168756 0.45969769413186023499 
3890 0.45958953337602603817 0.45969769160029377852 0.45969769413186017948 
3900 0.45958981071774901439 0.45969769161323748019 0.45969769413186029050 
3910 0.45959008664084788354 0.45969769162611873181 0.45969769413186029050 
3920 0.45959036115612389439 0.45969769163888057895 0.45969769413186106766 
3930 0.45959063427432900184 0.45969769165153134827 0.45969769413186084561 
3940 0.45959090600614549427 0.45969769166411666994 0.45969769413185984641 
3950 0.45959117636205826241 0.45969769167659091380 0.45969769413186040152 
3960 0.45959144535252099972 0.45969769168898677592 0.45969769413186029050 
3970 0.45959171298781992254 0.45969769170127211533 0.45969769413186006846 
3980 0.45959197927819150920 0.45969769171346935854 0.45969769413185995743 
3990 0.45959224423376526802 0.45969769172559427073 0.45969769413186023499 
4000 0.45959250786447808368 0.45969769173757862868 0.45969769413186012397 
4010 0.45959277018032934636 0.45969769174950741997 0.45969769413186056806 
4020 0.45959303119112504543 0.45969769176137587063 0.45969769413186045703 
4030 0.45959329090652906169 0.45969769177313063446 0.45969769413186006846 
4040 0.45959354933616380912 0.45969769178477670746 0.45969769413185984641 
4050 0.45959380648957542936 0.45969769179634301093 0.45969769413186045703 
4060 0.45959406237621053259 0.45969769180783598417 0.45969769413186029050 
4070 0.45959431700539932208 0.45969769181925890233 0.45969769413186012397 
4080 0.45959457038635675996 0.45969769183057207496 0.45969769413186034601 
4090 0.45959482252825778481 0.45969769184180347965 0.45969769413186034601 
4100 0.45959507344018918351 0.45969769185296976977 0.45969769413186017948 
4110 0.45959532313108913959 0.45969769186403508510 0.45969769413186084561 
4120 0.45959557160990699431 0.45969769187505404862 0.45969769413186029050 
4130 0.45959581888536121808 0.45969769188594133968 0.45969769413186079010 
4140 0.45959606496627947170 0.45969769189681142230 0.45969769413186045703 
4150 0.45959630986118887863 0.45969769190755038757 0.45969769413186084561 
4160 0.45959655357873047121 0.45969769191825088361 0.45969769413186040152 
4170 0.45959679612731813014 0.45969769192885379105 0.45969769413186073459 
4180 0.45959703751535957439 0.45969769193938031515 0.45969769413185984641 
4190 0.45959727775114600501 0.45969769194980958371 0.45969769413186012397 
4200 0.45959751684297239782 0.45969769196021159630 0.45969769413186095663 
4210 0.45959775479889342087 0.45969769197048715448 0.45969769413186117868 
4220 0.45959799162708114828 0.45969769198073157090 0.45969769413186029050 
4230 0.45959822733545713236 0.45969769199087096023 0.45969769413185990192 
4240 0.45959846193203252041 0.45969769200099436235 0.45969769413186023499 
4250 0.45959869542456222025 0.45969769201100951772 0.45969769413186101215 
4260 0.45959892782085048912 0.45969769202094445948 0.45969769413186051255 
4270 0.45959915912862053800 0.45969769203082322395 0.45969769413186029050 
4280 0.45959938935546512662 0.45969769204060551004 0.45969769413186101215 
4290 0.45959961850899477831 0.45969769205034827220 0.45969769413186045703 
4300 0.45959984659669195217 0.45969769206004185147 0.45969769413186067908 
4310 0.45960007362591409619 0.45969769206962812769 0.45969769413185962437 
4320 0.45960029960406911798 0.45969769207916189036 0.45969769413186017948 
4330 0.45960052453844568721 0.45969769208865429722 0.45969769413186034601 
4340 0.45960074843618659024 0.45969769209803118537 0.45969769413186062357 
4350 0.45960097130453497760 0.45969769210738642418 0.45969769413186034601 
4360 0.45960119315050307343 0.45969769211664984754 0.45969769413186001294 
4370 0.45960141398117115852 0.45969769212588568186 0.45969769413186084561 
4380 0.45960163380343233008 0.45969769213503192118 0.45969769413186001294 
4390 0.45960185262420211183 0.45969769214411215774 0.45969769413186034601 
4400 0.45960207045032464013 0.45969769215314415511 0.45969769413185984641 
4410 0.45960228728854618518 0.45969769216210676355 0.45969769413186001294 
4420 0.45960250314556905238 0.45969769217099959446 0.45969769413186045703 
4430 0.45960271802807045605 0.45969769217985628762 0.45969769413186045703 
4440 0.45960293194260570804 0.45969769218864314775 0.45969769413186056806 
4450 0.45960314489570319729 0.45969769219736861254 0.45969769413185973539 
4460 0.45960335689381442981 0.45969769220601264248 0.45969769413186062357 
4470 0.45960356794337847708 0.45969769221461020958 0.45969769413186017948 
4480 0.45960377805076435553 0.45969769222317524715 0.45969769413186045703 
4490 0.45960398722223388956 0.45969769223167777916 0.45969769413185995743 
4500 0.45960419546402608848 0.45969769224011586273 0.45969769413186051255 
4510 0.45960440278233194444 0.45969769224849788003 0.45969769413186040152 
4520 0.45960460918327716850 0.45969769225681750280 0.45969769413186106766 
4530 0.45960481467293967661 0.45969769226508289117 0.45969769413186051255 
4540 0.45960501925733976414 0.45969769227328677319 0.45969769413186073459 
4550 0.45960522294243960628 0.45969769228143009254 0.45969769413186006846 
4560 0.45960542573419982393 0.45969769228955253970 0.45969769413186012397 
4570 0.45960562763845563827 0.45969769229762508234 0.45969769413186017948 
4580 0.45960582866099403132 0.45969769230562340656 0.45969769413186073459 
4590 0.45960602880759493516 0.45969769231356594208 0.45969769413185945783 
4600 0.45960622808399043127 0.45969769232146923121 0.45969769413186017948 
4610 0.45960642649578670182 0.45969769232927970570 0.45969769413186029050 
4620 0.45960662404870977760 0.45969769233710872092 0.45969769413185990192 
4630 0.45960682074819020348 0.45969769234482205089 0.45969769413186006846 
4640 0.45960701659987385215 0.45969769235254698270 0.45969769413186073459 
4650 0.45960721160914957961 0.45969769236020413539 0.45969769413186045703 
4660 0.45960740578143471913 0.45969769236778756927 0.45969769413185995743 
4670 0.45960759912213511313 0.45969769237532709383 0.45969769413186034601 
4680 0.45960779163658077584 0.45969769238281932289 0.45969769413186079010 
4690 0.45960798333004976302 0.45969769239026408991 0.45969769413186001294 
4700 0.45960817420779076503 0.45969769239766361535 0.45969769413185956886 
4710 0.45960836427500906254 0.45969769240503088881 0.45969769413186006846 
4720 0.45960855353684365587 0.45969769241235369783 0.45969769413186023499 
4730 0.45960874199839801824 0.45969769241962532558 0.45969769413186056806 
4740 0.45960892966470584531 0.45969769242681540744 0.45969769413186006846 
4750 0.45960911654085234712 0.45969769243398889147 0.45969769413186001294 
4760 0.45960930263178884081 0.45969769244111724493 0.45969769413186056806 
4770 0.45960948794246275773 0.45969769244820729570 0.45969769413185984641 
4780 0.45960967247772605004 0.45969769245521691081 0.45969769413185995743 
4790 0.45960985624251865511 0.45969769246222774717 0.45969769413186051255 
4800 0.45961003924159982148 0.45969769246918373851 0.45969769413186001294 
4810 0.45961022147971775098 0.45969769247605962725 0.45969769413186017948 
4820 0.45961040296170319053 0.45969769248294806152 0.45969769413186123419 
4830 0.45961058369217816510 0.45969769248977726539 0.45969769413186056806 
4840 0.45961076367579412061 0.45969769249653985588 0.45969769413186023499 
4850 0.45961094291723020300 0.45969769250329312049 0.45969769413186029050 
4860 0.45961112142102206191 0.45969769250999376053 0.45969769413186017948 
4870 0.45961129919170989888 0.45969769251663783471 0.45969769413186040152 
4880 0.45961147623381670702 0.45969769252324382824 0.45969769413186017948 
4890 0.45961165255181490874 0.45969769252981246277 0.45969769413186040152 
4900 0.45961182815015183545 0.45969769253635761608 0.45969769413186006846 
4910 0.45961200303317345517 0.45969769254282638604 0.45969769413186023499 
4920 0.45961217720532138165 0.45969769254930692437 0.45969769413186073459 
4930 0.45961235067085376427 0.45969769255572190403 0.45969769413186012397 
4940 0.45961252343408609544 0.45969769256210435415 0.45969769413185984641 
4950 0.45961269549925187761 0.45969769256842502037 0.45969769413186017948 
4960 0.45961286687061586598 0.45969769257472925528 0.45969769413186056806 
4970 0.45961303755232685297 0.45969769258097836762 0.45969769413186079010 
4980 0.45961320754859075199 0.45969769258722531502 0.45969769413186017948 
4990 0.45961337686346032116 0.45969769259340215184 0.45969769413185956886 
5000 0.45961354550103389327 0.45969769259951503981 0.45969769413186006846 
5010 0.45961371346545309979 0.45969769260565473967 0.45969769413186062357 
5020 0.45961388076062376085 0.45969769261170001506 0.45969769413185979090 
5030 0.45961404739066014091 0.45969769261777898572 0.45969769413185979090 
5040 0.45961421335939389721 0.45969769262376097840 0.45969769413186034601 
5050 0.45961437867083576592 0.45969769262972903778 0.45969769413186040152 
5060 0.45961454332885703922 0.45969769263565629647 0.45969769413186045703 
5070 0.45961470733732762151 0.45969769264154791699 0.45969769413186023499 
5080 0.45961487070007300826 0.45969769264739657189 0.45969769413186056806 
5090 0.45961503342096426961 0.45969769265326304586 0.45969769413185973539 
5100 0.45961519550367069264 0.45969769265904375510 0.45969769413186006846 
5110 0.45961535695200606000 0.45969769266480409176 0.45969769413186123419 
5120 0.45961551776967007887 0.45969769267052867923 0.45969769413186040152 
5130 0.45961567796035890376 0.45969769267622762055 0.45969769413186045703 
5140 0.45961583752770601707 0.45969769268186988498 0.45969769413186040152 
5150 0.45961599647538964319 0.45969769268750870772 0.45969769413185945783 
5160 0.45961615480698481129 0.45969769269310845061 0.45969769413186023499 
5170 0.45961631252604995268 0.45969769269865978778 0.45969769413186023499 
5180 0.45961646963614122274 0.45969769270417332185 0.45969769413186073459 
5190 0.45961662614082293699 0.45969769270968569019 0.45969769413186090112 
5200 0.45961678204354045052 0.45969769271515631415 0.45969769413186045703 
5210 0.45961693734773623188 0.45969769272055788223 0.45969769413186084561 
5220 0.45961709205692635738 0.45969769272596827658 0.45969769413186001294 
5230 0.45961724617446925167 0.45969769273133376242 0.45969769413185962437 
5240 0.45961739970379600351 0.45969769273669847109 0.45969769413186001294 
5250 0.45961755264819514899 0.45969769274198724052 0.45969769413186001294 
5260 0.45961770501106608000 0.45969769274726407504 0.45969769413186040152 
5270 0.45961785679572619845 0.45969769275253802299 0.45969769413186051255 
5280 0.45961800800540952849 0.45969769275775979045 0.45969769413186051255 
5290 0.45961815864336891257 0.45969769276291555515 0.45969769413186040152 
5300 0.45961830871292058687 0.45969769276809080427 0.45969769413186051255 
5310 0.45961845821723029681 0.45969769277323896395 0.45969769413186062357 
5320 0.45961860715946933897 0.45969769277834349186 0.45969769413186040152 
5330 0.45961875554278835976 0.45969769278339067675 0.45969769413186101215 
5340 0.45961890337038208143 0.45969769278843464200 0.45969769413186051255 
5350 0.45961905064535796273 0.45969769279347011404 0.45969769413186051255 
5360 0.45961919737075168646 0.45969769279843847309 0.45969769413185995743 
5370 0.45961934354971650807 0.45969769280342492879 0.45969769413186045703 
5380 0.45961948918521422502 0.45969769280833938652 0.45969769413185990192 
5390 0.45961963428033525414 0.45969769281324801558 0.45969769413186084561 
5400 0.45961977883805305023 0.45969769281812705719 0.45969769413186056806 
5410 0.45961992286137581809 0.45969769282300315671 0.45969769413186056806 
5420 0.45962006635322205650 0.45969769282783540243 0.45969769413185979090 
5430 0.45962020931651215161 0.45969769283260969450 0.45969769413185995743 
5440 0.45962035175424720279 0.45969769283741113153 0.45969769413186034601 
5450 0.45962049366922441695 0.45969769284214273553 0.45969769413186045703 
5460 0.45962063506435818505 0.45969769284685108035 0.45969769413186051255 
5470 0.45962077594250105861 0.45969769285153255778 0.45969769413186034601 
5480 0.45962091630649798413 0.45969769285620737387 0.45969769413186029050 
5490 0.45962105615912696166 0.45969769286084061211 0.45969769413186045703 
5500 0.45962119550320457151 0.45969769286545975051 0.45969769413186045703 
5510 0.45962133434151947187 0.45969769287008599434 0.45969769413186117868 
5520 0.45962147267671893403 0.45969769287461947904 0.45969769413186112317 
5530 0.45962161051167094161 0.45969769287919287626 0.45969769413185979090 
5540 0.45962174784897180668 0.45969769288370038174 0.45969769413186012397 
5550 0.45962188469135872859 0.45969769288818679298 0.45969769413185956886 
5560 0.45962202104151489435 0.45969769289266593226 0.45969769413186067908 
5570 0.45962215690203517271 0.45969769289708029003 0.45969769413186062357 
5580 0.45962229227563583533 0.45969769290151685226 0.45969769413186079010 
5590 0.45962242716490597783 0.45969769290594331146 0.45969769413185967988 
5600 0.45962256157237740828 0.45969769291030915248 0.45969769413186040152 
5610 0.45962269550065687485 0.45969769291463302707 0.45969769413186017948 
5620 0.45962282895234124469 0.45969769291896239727 0.45969769413185990192 
5630 0.45962296192994661626 0.45969769292326828625 0.45969769413186051255 
5640 0.45962309443600923853 0.45969769292756967882 0.45969769413186034601 
5650 0.45962322647296244282 0.45969769293179524317 0.45969769413186001294 
5660 0.45962335804342163703 0.45969769293607165572 0.45969769413185923579 
5670 0.45962348914971146163 0.45969769294025886186 0.45969769413185979090 
5680 0.45962361979442728499 0.45969769294450013586 0.45969769413186029050 
5690 0.45962374997984228875 0.45969769294863005449 0.45969769413186034601 
5700 0.45962387970851459329 0.45969769295279488963 0.45969769413186073459 
5710 0.45962400898278299444 0.45969769295693402311 0.45969769413185990192 
5720 0.45962413780500094296 0.45969769296101598011 0.45969769413186029050 
5730 0.45962426617756896308 0.45969769296507484446 0.45969769413186112317 
5740 0.45962439410289129826 0.45969769296916496160 0.45969769413186067908 
5750 0.45962452158320826756 0.45969769297318985313 0.45969769413186056806 
5760 0.45962464862093249662 0.45969769297725227020 0.45969769413186023499 
5770 0.45962477521826095028 0.45969769298124224521 0.45969769413186017948 
5780 0.45962490137749373309 0.45969769298517709766 0.45969769413186051255 
5790 0.45962502710101382775 0.45969769298916746125 0.45969769413185995743 
5800 0.45962515239093926223 0.45969769299307677857 0.45969769413186012397 
5810 0.45962527724963042619 0.45969769299703117094 0.45969769413186006846 
5820 0.45962540167918675138 0.45969769300090373987 0.45969769413186017948 
5830 0.45962552568190040425 0.45969769300478180440 0.45969769413186017948 
5840 0.45962564925992438480 0.45969769300862239891 0.45969769413186012397 
5850 0.45962577241549162910 0.45969769301248497584 0.45969769413186034601 
5860 0.45962589515068297263 0.45969769301627899649 0.45969769413186034601 
5870 0.45962601746772568934 0.45969769302009544365 0.45969769413185995743 
5880 0.45962613936868312869 0.45969769302385299348 0.45969769413186045703 
5890 0.45962626085574004309 0.45969769302762825136 0.45969769413185990192 
5900 0.45962638193098226402 0.45969769303138974248 0.45969769413186034601 
5910 0.45962650259641341099 0.45969769303506080593 0.45969769413186006846 
5920 0.45962662285424943365 0.45969769303877711097 0.45969769413186023499 
5930 0.45962674270650738517 0.45969769304249380459 0.45969769413186001294 
5940 0.45962686215514514387 0.45969769304612234651 0.45969769413186001294 
5950 0.45962698120234402044 0.45969769304980828695 0.45969769413186045703 
5960 0.45962709985001876101 0.45969769305344004851 0.45969769413186001294 
5970 0.45962721810018125623 0.45969769305703295226 0.45969769413186017948 
5980 0.45962733595486904292 0.45969769306062069347 0.45969769413186073459 
5990 0.45962745341602972982 0.45969769306417812560 0.45969769413186001294 
6000 0.45962757048565933138 0.45969769306772673145 0.45969769413186073459 
6010 0.45962768716571417160 0.45969769307127478219 0.45969769413185990192 
6020 0.45962780345814535643 0.45969769307482227783 0.45969769413186051255 
6030 0.45962791936481106614 0.45969769307830943283 0.45969769413185990192 
6040 0.45962803488767084437 0.45969769308177893530 0.45969769413185956886 
6050 0.45962815002864976233 0.45969769308524399687 0.45969769413186051255 
6060 0.45962826478962720556 0.45969769308870334079 0.45969769413185979090 
6070 0.45962837917246096575 0.45969769309213176500 0.45969769413186051255 
6080 0.45962849317906523394 0.45969769309558150550 0.45969769413186073459 
6090 0.45962860681123057782 0.45969769309898139698 0.45969769413186034601 
6100 0.45962872007082866688 0.45969769310237096338 0.45969769413186051255 
6110 0.45962883295965634156 0.45969769310571462206 0.45969769413186034601 
6120 0.45962894547958776936 0.45969769310906571924 0.45969769413185945783 
6130 0.45962905763242084545 0.45969769311242397736 0.45969769413186117868 
6140 0.45962916941987658204 0.45969769311570718440 0.45969769413185951334 
6150 0.45962928084382348448 0.45969769311901176323 0.45969769413185906926 
6160 0.45962939190598250949 0.45969769312228109248 0.45969769413185990192 
6170 0.45962950260814688930 0.45969769312555358587 0.45969769413185973539 
6180 0.45962961295206777868 0.45969769312883024259 0.45969769413186029050 
6190 0.45962972293941911639 0.45969769313205277594 0.45969769413185962437 
6200 0.45962983257199307996 0.45969769313528396903 0.45969769413186040152 
6210 0.45962994185145444881 0.45969769313847558267 0.45969769413185967988 
6220 0.45963005077954433020 0.45969769314166764040 0.45969769413186034601 
6230 0.45963015935798884337 0.45969769314489133949 0.45969769413185979090 
6240 0.45963026758834352181 0.45969769314802472193 0.45969769413185984641 
6250 0.45963037547240270797 0.45969769315118724773 0.45969769413186040152 
6260 0.45963048301176184784 0.45969769315431985302 0.45969769413186006846 
6270 0.45963059020805646648 0.45969769315740405258 0.45969769413186012397 
6280 0.45963069706303855133 0.45969769316055436592 0.45969769413186051255 
6290 0.45963080357818497657 0.45969769316362518730 0.45969769413186084561 
6300 0.45963090975515874526 0.45969769316665110015 0.45969769413185940232 
6310 0.45963101559567465237 0.45969769316974762319 0.45969769413186001294 
6320 0.45963112110119519471 0.45969769317277925369 0.45969769413186017948 
6330 0.45963122627335323278 0.45969769317578651480 0.45969769413186006846 
6340 0.45963133111375736872 0.45969769317880515569 0.45969769413185945783 
6350 0.45963143562398889319 0.45969769318185027540 0.45969769413185956886 
6360 0.45963153980549897870 0.45969769318480835363 0.45969769413186056806 
6370 0.45963164365992031923 0.45969769318777009559 0.45969769413186029050 
6380 0.45963174718877691793 0.45969769319072012470 0.45969769413186012397 
6390 0.45963185039363851914 0.45969769319370257232 0.45969769413186006846 
6400 0.45963195327591488404 0.45969769319660080953 0.45969769413186045703 
6410 0.45963205583717736680 0.45969769319948755593 0.45969769413185912477 
6420 0.45963215807900620336 0.45969769320243331068 0.45969769413186023499 
6430 0.45963226000275253513 0.45969769320530429191 0.45969769413185967988 
6440 0.45963236160995746271 0.45969769320815589975 0.45969769413185967988 
6450 0.45963246290213866097 0.45969769321103848281 0.45969769413186012397 
6460 0.45963256388071971337 0.45969769321390924199 0.45969769413186051255 
6470 0.45963266454710755005 0.45969769321672271367 0.45969769413186029050 
6480 0.45963276490284571407 0.45969769321957276720 0.45969769413186029050 
6490 0.45963286494928279335 0.45969769322238113185 0.45969769413186023499 
6500 0.45963296468788550353 0.45969769322517756160 0.45969769413186051255 
6510 0.45963306412005344725 0.45969769322794912236 0.45969769413186084561 
6520 0.45963316324724373674 0.45969769323074022305 0.45969769413186067908 
6530 0.45963326207079552299 0.45969769323349135570 0.45969769413185979090 
6540 0.45963336059210746498 0.45969769323620590651 0.45969769413185973539 
6550 0.45963345881264405790 0.45969769323896458868 0.45969769413185979090 
6560 0.45963355673364370002 0.45969769324163151092 0.45969769413185990192 
6570 0.45963365435665515246 0.45969769324438830571 0.45969769413185979090 
6580 0.45963375168288472805 0.45969769324708181779 0.45969769413186012397 
6590 0.45963384871375506657 0.45969769324977965974 0.45969769413186017948 
6600 0.45963394545051172724 0.45969769325239240310 0.45969769413186034601 
6610 0.45963404189466489091 0.45969769325509013402 0.45969769413186001294 
6620 0.45963413804738195712 0.45969769325771736579 0.45969769413186045703 
6630 0.45963423391007812713 0.45969769326036458157 0.45969769413185995743 
6640 0.45963432948402771494 0.45969769326300552459 0.45969769413186095663 
6650 0.45963442477053101376 0.45969769326562903711 0.45969769413185934681 
6660 0.45963451977084990308 0.45969769326820608679 0.45969769413186056806 
6670 0.45963461448628945005 0.45969769327075848953 0.45969769413186062357 
6680 0.45963470891818541952 0.45969769327333448450 0.45969769413186012397 
6690 0.45963480306782295015 0.45969769327595066954 0.45969769413185956886 
6700 0.45963489693635484201 0.45969769327850490415 0.45969769413186034601 
6710 0.45963499052509038112 0.45969769328103921024 0.45969769413186023499 
6720 0.45963508383530921053 0.45969769328358345284 0.45969769413186051255 
6730 0.45963517686818150532 0.45969769328607079650 0.45969769413185967988 
6740 0.45963526962503775675 0.45969769328860093927 0.45969769413186167828 
6750 0.45963536210702410356 0.45969769329108156608 0.45969769413186034601 
6760 0.45963545431541880104 0.45969769329358584065 0.45969769413185990192 
6770 0.45963554625140085053 0.45969769329606874342 0.45969769413185923579 
6780 0.45963563791613198939 0.45969769329849258233 0.45969769413186056806 
6790 0.45963572931090912466 0.45969769330095228144 0.45969769413185962437 
6800 0.45963582043683898215 0.45969769330336945901 0.45969769413186073459 
6810 0.45963591129517311629 0.45969769330580539934 0.45969769413186073459 
6820 0.45963600188704928362 0.45969769330822174425 0.45969769413186006846 
6830 0.45963609221365903101 0.45969769331064330720 0.45969769413186023499 
6840 0.45963618227613545208 0.45969769331303789173 0.45969769413186006846 
6850 0.45963627207568358291 0.45969769331545196067 0.45969769413186067908 
6860 0.45963636161341075992 0.45969769331784199329 0.45969769413186017948 
6870 0.45963645089046106795 0.45969769332021381825 0.45969769413186106766 
6880 0.45963653990793745807 0.45969769332253135330 0.45969769413186001294 
6890 0.45963662866704108056 0.45969769332486437596 0.45969769413185979090 
6900 0.45963671716891801866 0.45969769332723825483 0.45969769413186106766 
6910 0.45963680541463663998 0.45969769332960042085 0.45969769413186029050 
6920 0.45963689340521646232 0.45969769333186488725 0.45969769413186101215 
6930 0.45963698114192264033 0.45969769333418847301 0.45969769413185956886 
6940 0.45963706862573877610 0.45969769333645871257 0.45969769413185984641 
6950 0.45963715585782188855 0.45969769333874294093 0.45969769413186045703 
6960 0.45963724283925705416 0.45969769334103816050 0.45969769413186040152 
6970 0.45963732957106717691 0.45969769334329363408 0.45969769413185995743 
6980 0.45963741605439339954 0.45969769334556909168 0.45969769413186034601 
6990 0.45963750229021643756 0.45969769334778465275 0.45969769413186034601 
7000 0.45963758827971656906 0.45969769335006172017 0.45969769413185967988 
7010 0.45963767402384458904 0.45969769335229004881 0.45969769413186056806 
7020 0.45963775952369245736 0.45969769335451837744 0.45969769413186073459 
7030 0.45963784478029040548 0.45969769335673538180 0.45969769413185934681 
7040 0.45963792979463719002 0.45969769335889859585 0.45969769413185940232 
7050 0.45963801456784175725 0.45969769336109139735 0.45969769413186023499 
7060 0.45963809910090408506 0.45969769336328414333 0.45969769413186040152 
7070 0.45963818339484685538 0.45969769336548310656 0.45969769413186034601 
7080 0.45963826745063446344 0.45969769336764093604 0.45969769413186062357 
7090 0.45963835126927587993 0.45969769336975535579 0.45969769413186029050 
7100 0.45963843485189842530 0.45969769337195581782 0.45969769413186006846 
7110 0.45963851819934548049 0.45969769337408689092 0.45969769413185995743 
7120 0.45963860131263806208 0.45969769337617910621 0.45969769413185984641 
7130 0.45963868419284686917 0.45969769337831745126 0.45969769413186034601 
7140 0.45963876684086524271 0.45969769338041899243 0.45969769413185962437 
7150 0.45963884925767478640 0.45969769338248689383 0.45969769413185984641 
7160 0.45963893144430856275 0.45969769338458738028 0.45969769413186034601 
7170 0.45963901340168361598 0.45969769338667726410 0.45969769413186012397 
7180 0.45963909513074208135 0.45969769338873789355 0.45969769413186006846 
7190 0.45963917663251407930 0.45969769339084470827 0.45969769413186095663 
7200 0.45963925790786169800 0.45969769339291566279 0.45969769413185967988 
7210 0.45963933895774089500 0.45969769339496813210 0.45969769413185990192 
7220 0.45963941978306493974 0.45969769339697075239 0.45969769413186073459 
7230 0.45963950038484657767 0.45969769339900912186 0.45969769413185995743 
7240 0.45963958076395911023 0.45969769340103239230 0.45969769413185979090 
7250 0.45963966092137736874 0.45969769340308536121 0.45969769413186073459 
7260 0.45963974085788161794 0.45969769340504557098 0.45969769413186012397 
7270 0.45963982057451463481 0.45969769340703131588 0.45969769413185979090 
7280 0.45963990007217281342 0.45969769340904287347 0.45969769413185990192 
7290 0.45963997935167333342 0.45969769341098787319 0.45969769413186017948 
7300 0.45964005841402438834 0.45969769341298200027 0.45969769413186045703 
7310 0.45964013726006880400 0.45969769341498278870 0.45969769413186051255 
7320 0.45964021589062309392 0.45969769341690747133 0.45969769413186034601 
7330 0.45964029430670932941 0.45969769341890914793 0.45969769413185990192 
7340 0.45964037250903932996 0.45969769342081107100 0.45969769413185967988 
7350 0.45964045049860269287 0.45969769342273975044 0.45969769413186056806 
7360 0.45964052827623147479 0.45969769342465632844 0.45969769413185990192 
7370 0.45964060584280874711 0.45969769342658128863 0.45969769413185979090 
7380 0.45964068319915757366 0.45969769342848093574 0.45969769413185990192 
7390 0.45964076034617257216 0.45969769343039451615 0.45969769413186090112 
7400 0.45964083728470461754 0.45969769343232630421 0.45969769413186023499 
7410 0.45964091401551365745 0.45969769343419186747 0.45969769413186006846 
7420 0.45964099053952695018 0.45969769343607636003 0.45969769413186045703 
7430 0.45964106685751210390 0.45969769343791705429 0.45969769413185951334 
7440 0.45964114297036662293 0.45969769343977495701 0.45969769413186051255 
7450 0.45964121887889825002 0.45969769344163524671 0.45969769413186095663 
7460 0.45964129458392588568 0.45969769344349648010 0.45969769413186106766 
7470 0.45964137008622713010 0.45969769344531580257 0.45969769413186017948 
7480 0.45964144538667683904 0.45969769344715954995 0.45969769413185962437 
7490 0.45964152048607442858 0.45969769344901129093 0.45969769413186029050 
7500 0.45964159538515836356 0.45969769345081229472 0.45969769413185967988 
7510 0.45964167008483880483 0.45969769345266792149 0.45969769413185962437 
7520 0.45964174458574069693 0.45969769345441024999 0.45969769413186034601 
7530 0.45964181888888627769 0.45969769345627031765 0.45969769413186029050 
7540 0.45964189299484725648 0.45969769345803324079 0.45969769413186106766 
7550 0.45964196690457287398 0.45969769345985767028 0.45969769413186029050 
7560 0.45964204061867125484 0.45969769346158129153 0.45969769413185984641 
7570 0.45964211413806305151 0.45969769346334615756 0.45969769413186012397 
7580 0.45964218746348156630 0.45969769346511774044 0.45969769413186073459 
7590 0.45964226059567026006 0.45969769346687056055 0.45969769413186062357 
7600 0.45964233353539907245 0.45969769346861061310 0.45969769413186067908 
7610 0.45964240628347813322 0.45969769347038985652 0.45969769413185956886 
7620 0.45964247884053266446 0.45969769347208194743 0.45969769413186056806 
7630 0.45964255120743835459 0.45969769347380762259 0.45969769413186062357 
7640 0.45964262338490669002 0.45969769347553562922 0.45969769413186101215 
7650 0.45964269537367624663 0.45969769347725808473 0.45969769413185995743 
7660 0.45964276717450597287 0.45969769347899586132 0.45969769413186062357 
7670 0.45964283878805139993 0.45969769348067202053 0.45969769413185990192 
7680 0.45964291021512149182 0.45969769348236144690 0.45969769413186001294 
7690 0.45964298145641424576 0.45969769348403488607 0.45969769413186023499 
7700 0.45964305251269060859 0.45969769348573003009 0.45969769413185929130 
7710 0.45964312338464319296 0.45969769348741995607 0.45969769413186051255 
7720 0.45964319407294612629 0.45969769348906203144 0.45969769413186062357 
7730 0.45964326457840076756 0.45969769349074179887 0.45969769413186067908 
7740 0.45964333490167258445 0.45969769349242245449 0.45969769413186062357 
7750 0.45964340504342821037 0.45969769349406275349 0.45969769413186084561 
7760 0.45964347500440927430 0.45969769349569633565 0.45969769413186067908 
7770 0.45964354478532898352 0.45969769349734956876 0.45969769413186051255 
7780 0.45964361438681272665 0.45969769349894584742 0.45969769413186056806 
7790 0.45964368380967191019 0.45969769350061168156 0.45969769413186079010 
7800 0.45964375305443100350 0.45969769350217570825 0.45969769413186101215 
7810 0.45964382212194843103 0.45969769350381833872 0.45969769413186051255 
7820 0.45964389101281377670 0.45969769350545008901 0.45969769413186006846 
7830 0.45964395972766608489 0.45969769350702738286 0.45969769413186040152 
7840 0.45964402826725542228 0.45969769350862921264 0.45969769413186034601 
7850 0.45964409663217614677 0.45969769351018735515 0.45969769413185956886 
7860 0.45964416482319053747 0.45969769351179112782 0.45969769413186079010 
7870 0.45964423284091793231 0.45969769351339712093 0.45969769413185967988 
7880 0.45964430068591588530 0.45969769351489958575 0.45969769413186012397 
7890 0.45964436835906558043 0.45969769351653022582 0.45969769413186067908 
7900 0.45964443586079350990 0.45969769351806127888 0.45969769413185962437 
7910 0.45964450319183530747 0.45969769351957406878 0.45969769413185990192 
7920 0.45964457035288847075 0.45969769352112183070 0.45969769413185984641 
7930 0.45964463734454730215 0.45969769352265632545 0.45969769413186056806 
7940 0.45964470416747660320 0.45969769352420164488 0.45969769413186090112 
7950 0.45964477082226568028 0.45969769352571293597 0.45969769413185995743 
7960 0.45964483730958993757 0.45969769352722955613 0.45969769413186001294 
7970 0.45964490363013205121 0.45969769352880457403 0.45969769413185973539 
7980 0.45964496978435748220 0.45969769353027090109 0.45969769413186034601 
7990 0.45964503577306714543 0.45969769353181838545 0.45969769413186017948 
8000 0.45964510159675070478 0.45969769353330064421 0.45969769413186006846 
8010 0.45964516725607462710 0.45969769353477596407 0.45969769413186034601 
8020 0.45964523275169505423 0.45969769353628520125 0.45969769413186067908 
8030 0.45964529808417503576 0.45969769353777301113 0.45969769413186034601 
8040 0.45964536325414717677 0.45969769353927208977 0.45969769413186001294 
8050 0.45964542826214238591 0.45969769354070189049 0.45969769413186017948 
8060 0.45964549310889107891 0.45969769354219219837 0.45969769413186040152 
8070 0.45964555779489629783 0.45969769354364564684 0.45969769413185934681 
8080 0.45964562232074490655 0.45969769354505113368 0.45969769413186029050 
8090 0.45964568668720046096 0.45969769354658168714 0.45969769413185945783 
8100 0.45964575089460474322 0.45969769354798589722 0.45969769413186012397 
8110 0.45964581494369827208 0.45969769354941808492 0.45969769413186006846 
8120 0.45964587883501384358 0.45969769355082795714 0.45969769413185956886 
8130 0.45964594256920449089 0.45969769355227951824 0.45969769413186001294 
8140 0.45964600614675121815 0.45969769355368067520 0.45969769413185995743 
8150 0.45964606956833958806 0.45969769355513617759 0.45969769413186112317 
8160 0.45964613283442912195 0.45969769355653650189 0.45969769413186006846 
8170 0.45964619594564215532 0.45969769355793244081 0.45969769413186045703 
8180 0.45964625890255944585 0.45969769355933354227 0.45969769413186106766 
8190 0.45964632170575037140 0.45969769356074469124 0.45969769413186073459 
8200 0.45964638435574756148 0.45969769356213807665 0.45969769413186029050 
8210 0.45964644685314381967 0.45969769356354472922 0.45969769413186040152 
8220 0.45964650919845750909 0.45969769356492978796 0.45969769413185984641 
8230 0.45964657139223824567 0.45969769356628603640 0.45969769413186040152 
8240 0.45964663343505851589 0.45969769356763251489 0.45969769413186023499 
8250 0.45964669532750790371 0.45969769356901113433 0.45969769413185951334 
8260 0.45964675707007079941 0.45969769357036305291 0.45969769413186001294 
8270 0.45964681866336826177 0.45969769357175932489 0.45969769413186012397 
8280 0.45964688010781706851 0.45969769357307926905 0.45969769413185990192 
8290 0.45964694140408846046 0.45969769357446349511 0.45969769413186067908 
8300 0.45964700255262014306 0.45969769357580153590 0.45969769413186017948 
8310 0.45964706355395956727 0.45969769357711276481 0.45969769413186051255 
8320 0.45964712440873972676 0.45969769357849832314 0.45969769413186001294 
8330 0.45964718511732821637 0.45969769357980211355 0.45969769413186079010 
8340 0.45964724568032239160 0.45969769358109069390 0.45969769413185995743 
8350 0.45964730609834275610 0.45969769358246437285 0.45969769413186051255 
8360 0.45964736637176539791 0.45969769358377587931 0.45969769413186062357 
8370 0.45964742650117013101 0.45969769358509010582 0.45969769413186062357 
8380 0.45964748648700998190 0.45969769358634093859 0.45969769413186040152 
8390 0.45964754632995347139 0.45969769358768641787 0.45969769413186056806 
8400 0.45964760603031012964 0.45969769358892997868 0.45969769413185984641 
8410 0.45964766558877007130 0.45969769359024592603 0.45969769413186051255 
8420 0.45964772500570166835 0.45969769359149575960 0.45969769413186067908 
8430 0.45964778428169339453 0.45969769359277640186 0.45969769413185984641 
8440 0.45964784341723030625 0.45969769359405709963 0.45969769413186095663 
8450 0.45964790241280634175 0.45969769359534046194 0.45969769413186056806 
8460 0.45964796126890261618 0.45969769359660983543 0.45969769413185940232 
8470 0.45964801998602022870 0.45969769359787332474 0.45969769413186045703 
8480 0.45964807856463929525 0.45969769359912088236 0.45969769413185990192 
8490 0.45964813700528184270 0.45969769360038248429 0.45969769413185912477 
8500 0.45964819530846212636 0.45969769360168660777 0.45969769413185990192 
8510 0.45964825347450283255 0.45969769360287005000 0.45969769413186145623 
8520 0.45964831150411006311 0.45969769360415640991 0.45969769413186079010 
8530 0.45964836939759889933 0.45969769360538109693 0.45969769413186006846 
8540 0.45964842715549197871 0.45969769360659107349 0.45969769413185973539 
8550 0.45964848477830333451 0.45969769360782636314 0.45969769413186045703 
8560 0.45964854226643758750 0.45969769360900636368 0.45969769413186034601 
8570 0.45964859962045628849 0.45969769361023554710 0.45969769413186012397 
8580 0.45964865684077510499 0.45969769361145118580 0.45969769413185962437 
8590 0.45964871392793377192 0.45969769361272977415 0.45969769413186001294 
8600 0.45964877088222622081 0.45969769361390211415 0.45969769413186012397 
8610 0.45964882770428661107 0.45969769361513596051 0.45969769413185962437 
8620 0.45964888439447998403 0.45969769361633711080 0.45969769413185934681 
8630 0.45964894095321484624 0.45969769361745854708 0.45969769413185995743 
8640 0.45964899738111114624 0.45969769361865869817 0.45969769413185979090 
8650 0.45964905367860409147 0.45969769361992091072 0.45969769413186095663 
8660 0.45964910984595408472 0.45969769362105833421 0.45969769413186101215 
8670 0.45964916588379373108 0.45969769362225093579 0.45969769413186101215 
8680 0.45964922179244327438 0.45969769362336415641 0.45969769413186056806 
8690 0.45964927757249263163 0.45969769362455148443 0.45969769413186001294 
8700 0.45964933322434131657 0.45969769362576529126 0.45969769413186029050 
8710 0.45964938874832622639 0.45969769362690388048 0.45969769413186034601 
8720 0.45964944414497460601 0.45969769362804963064 0.45969769413186029050 
8730 0.45964949941473137729 0.45969769362921170108 0.45969769413186023499 
8740 0.45964955455801997930 0.45969769363037954468 0.45969769413186029050 
8750 0.45964960957526218577 0.45969769363153650810 0.45969769413185973539 
8760 0.45964966446686394974 0.45969769363266266282 0.45969769413186023499 
8770 0.45964971923331104930 0.45969769363381501881 0.45969769413186034601 
8780 0.45964977387499028616 0.45969769363494544789 0.45969769413186034601 
8790 0.45964982839230494882 0.45969769363603685264 0.45969769413185995743 
8800 0.45964988278578650105 0.45969769363719459321 0.45969769413186062357 
8810 0.45964993705570511562 0.45969769363827028830 0.45969769413186001294 
8820 0.45964999120261534893 0.45969769363939572138 0.45969769413186090112 
8830 0.45965004522687785693 0.45969769364051427107 0.45969769413186062357 
8840 0.45965009912892890176 0.45969769364164420056 0.45969769413185979090 
8850 0.45965015290913052715 0.45969769364273516121 0.45969769413186023499 
8860 0.45965020656795679832 0.45969769364384832633 0.45969769413186023499 
8870 0.45965026010581117033 0.45969769364497864439 0.45969769413186001294 
8880 0.45965031352308044488 0.45969769364609652795 0.45969769413185990192 
8890 0.45965036682013271641 0.45969769364717355531 0.45969769413185990192 
8900 0.45965041999740552381 0.45969769364823964697 0.45969769413186012397 
8910 0.45965047305530482014 0.45969769364928941835 0.45969769413186045703 
8920 0.45965052599427613789 0.45969769365037649322 0.45969769413186006846 
8930 0.45965057881471871326 0.45969769365149487639 0.45969769413186045703 
8940 0.45965063151690105370 0.45969769365251800242 0.45969769413186034601 
8950 0.45965068410137754906 0.45969769365360263480 0.45969769413185962437 
8960 0.45965073656850774508 0.45969769365471302436 0.45969769413186073459 
8970 0.45965078891856420151 0.45969769365573104336 0.45969769413186045703 
8980 0.45965084115207088811 0.45969769365679136186 0.45969769413186062357 
8990 0.45965089326939739811 0.45969769365787310766 0.45969769413185962437 
9000 0.45965094527085248455 0.45969769365889817658 0.45969769413186051255 
9010 0.45965099715694673899 0.45969769365998730537 0.45969769413185967988 
9020 0.45965104892795738412 0.45969769366104029640 0.45969769413186012397 
9030 0.45965110058426206230 0.45969769366204665806 0.45969769413186073459 
9040 0.45965115212636725728 0.45969769366313961712 0.45969769413186023499 
9050 0.45965120355447935951 0.45969769366413659739 0.45969769413186034601 
9060 0.45965125486908658958 0.45969769366515639275 0.45969769413186040152 
9070 0.45965130607057103074 0.45969769366620516493 0.45969769413186062357 
9080 0.45965135715926391802 0.45969769366723833848 0.45969769413186001294 
9090 0.45965140813548099885 0.45969769366819668299 0.45969769413185995743 
9100 0.45965145899977555288 0.45969769366927348830 0.45969769413186012397 
9110 0.45965150975236834796 0.45969769367030460794 0.45969769413186029050 
9120 0.45965156039358145978 0.45969769367125890014 0.45969769413185967988 
9130 0.45965161092395756537 0.45969769367230395307 0.45969769413186062357 
9140 0.45965166134369361828 0.45969769367327761866 0.45969769413185934681 
9150 0.45965171165330703795 0.45969769367433571672 0.45969769413185945783 
9160 0.45965176185296141576 0.45969769367527613113 0.45969769413186045703 
9170 0.45965181194324278291 0.45969769367632873358 0.45969769413185979090 
9180 0.45965186192428603151 0.45969769367726931453 0.45969769413186067908 
9190 0.45965191179662800991 0.45969769367827933992 0.45969769413185940232 
9200 0.45965196156049081821 0.45969769367923057901 0.45969769413186095663 
9210 0.45965201121637022652 0.45969769368025686918 0.45969769413186040152 
9220 0.45965206076448339445 0.45969769368122948006 0.45969769413186034601 
9230 0.45965211020524143759 0.45969769368220608774 0.45969769413185995743 
9240 0.45965215953894134060 0.45969769368314011837 0.45969769413186012397 
9250 0.45965220876607215672 0.45969769368417040534 0.45969769413186029050 
9260 0.45965225788678359953 0.45969769368509810770 0.45969769413186056806 
9270 0.45965230690152653059 0.45969769368603480286 0.45969769413186056806 
9280 0.45965235581073443649 0.45969769368706914214 0.45969769413185967988 
9290 0.45965240461456674526 0.45969769368802310128 0.45969769413185995743 
9300 0.45965245331344678492 0.45969769368897434036 0.45969769413186067908 
9310 0.45965250190769529892 0.45969769368990703873 0.45969769413185962437 
9320 0.45965255039768154743 0.45969769369085605737 0.45969769413186034601 
9330 0.45965259878369574276 0.45969769369177743146 0.45969769413186067908 
9340 0.45965264706613384593 0.45969769369272861503 0.45969769413186017948 
9350 0.45965269524531487955 0.45969769369370011569 0.45969769413186017948 
9360 0.45965274332147809666 0.45969769369460034003 0.45969769413186073459 
9370 0.45965279129501562805 0.45969769369548713067 0.45969769413186056806 
9380 0.45965283916639071427 0.45969769369649787771 0.45969769413186029050 
9390 0.45965288693573791434 0.45969769369743829213 0.45969769413186029050 
9400 0.45965293460340134191 0.45969769369833834993 0.45969769413185990192 
9410 0.45965298216970351675 0.45969769369918417334 0.45969769413185979090 
9420 0.45965302963518533952 0.45969769370019653021 0.45969769413185967988 
9430 0.45965307699984125911 0.45969769370105023620 0.45969769413185956886 
9440 0.45965312426424209669 0.45969769370199681235 0.45969769413186017948 
9450 0.45965317142853046040 0.45969769370285845644 0.45969769413186067908 
9460 0.45965321849321427727 0.45969769370382762563 0.45969769413186034601 
9470 0.45965326545843854245 0.45969769370473284598 0.45969769413186012397 
9480 0.45965331232456047017 0.45969769370561497368 0.45969769413186095663 
9490 0.45965335909194449115 0.45969769370652779905 0.45969769413185979090 
9500 0.45965340576079682933 0.45969769370736746072 0.45969769413186062357 
9510 0.45965345233160009863 0.45969769370830043664 0.45969769413186084561 
9520 0.45965349880450934172 0.45969769370917512585 0.45969769413186051255 
9530 0.45965354517990764105 0.45969769371006663494 0.45969769413185984641 
9540 0.45965359145810225083 0.45969769371097435329 0.45969769413185973539 
9550 0.45965363763931038621 0.45969769371181362638 0.45969769413186040152 
9560 0.45965368372397041874 0.45969769371271668179 0.45969769413186034601 
9570 0.45965372971227125287 0.45969769371356811183 0.45969769413186034601 
9580 0.45965377560459746986 0.45969769371444973993 0.45969769413186001294 
9590 0.45965382140122929000 0.45969769371535035285 0.45969769413186067908 
9600 0.45965386710242406298 0.45969769371621321818 0.45969769413186023499 
9610 0.45965391270849842442 0.45969769371707197569 0.45969769413185973539 
9620 0.45965395821975402191 0.45969769371792390533 0.45969769413185990192 
9630 0.45965400363646402582 0.45969769371874974473 0.45969769413185995743 
9640 0.45965404895900813242 0.45969769371962970750 0.45969769413185984641 
9650 0.45965409418757274818 0.45969769372046392908 0.45969769413186023499 
9660 0.45965413932250120954 0.45969769372129992702 0.45969769413186062357 
9670 0.45965418436409466452 0.45969769372215046888 0.45969769413185945783 
9680 0.45965422931265098594 0.45969769372302127231 0.45969769413186017948 
9690 0.45965427416839504948 0.45969769372385671513 0.45969769413185984641 
9700 0.45965431893172253863 0.45969769372475266511 0.45969769413186056806 
9710 0.45965436360272687866 0.45969769372552815589 0.45969769413186056806 
9720 0.45965440818192276895 0.45969769372640839622 0.45969769413185995743 
9730 0.45965445266940341273 0.45969769372720581391 0.45969769413186051255 
9740 0.45965449706557703902 0.45969769372804070162 0.45969769413186079010 
9750 0.45965454137071470875 0.45969769372891067238 0.45969769413186067908 
9760 0.45965458558503230480 0.45969769372974672583 0.45969769413186067908 
9770 0.45965462970876169724 0.45969769373050223260 0.45969769413185995743 
9780 0.45965467374236468334 0.45969769373136387669 0.45969769413185990192 
9790 0.45965471768597498947 0.45969769373218666297 0.45969769413186012397 
9800 0.45965476153983941821 0.45969769373294355752 0.45969769413186001294 
9810 0.45965480530437524687 0.45969769373377339372 0.45969769413186023499 
9820 0.45965484897972996858 0.45969769373455721118 0.45969769413186123419 
9830 0.45965489256631780757 0.45969769373543184487 0.45969769413186056806 
9840 0.45965493606425861239 0.45969769373625113396 0.45969769413185990192 
9850 0.45965497947386735333 0.45969769373705715587 0.45969769413186017948 
9860 0.45965502279540049191 0.45969769373783658795 0.45969769413186084561 
9870 0.45965506602918027035 0.45969769373864421969 0.45969769413186023499 
9880 0.45965510917541280156 0.45969769373941860025 0.45969769413185973539 
9890 0.45965515223443237369 0.45969769374023611297 0.45969769413186045703 
9900 0.45965519520636966000 0.45969769374095781345 0.45969769413185951334 
9910 0.45965523809167035951 0.45969769374176094878 0.45969769413185967988 
9920 0.45965528089055257555 0.45969769374260827099 0.45969769413186062357 
9930 0.45965532360316285754 0.45969769374338487200 0.45969769413186079010 
9940 0.45965536622978886427 0.45969769374411562080 0.45969769413185929130 
9950 0.45965540877080041104 0.45969769374491165070 0.45969769413186112317 
9960 0.45965545122636608522 0.45969769374568336673 0.45969769413185962437 
9970 0.45965549359674628960 0.45969769374643432158 0.45969769413186006846 
9980 0.45965553588228963422 0.45969769374725988342 0.45969769413186112317 
9990 0.45965557808306772847 0.45969769374797408990 0.45969769413186051255 
10000 0.45965562019950989558 0.45969769374875013579 0.45969769413185967988 
